camera_data:
  - eye: [-0.6, 0.0, 0.0],
    lookat: [0.0, 0.0, 0.0],
    up: [0.0, 1.0, 0.0],
    vfov: 35.0,
}, {
  "eye": [-0.24178, -0.133496, 2.43055],
  "lookat": [0.0, -0.05, 0.25],
  "up": [0.0, 1.0, 0.0],
  "vfov": 35.0,
}, {
  "eye": [-0.6, -0.05, 0.0],
  "lookat": [0.0, -0.05, 0.25],
  "up": [0.0, 1.0, 0.0],
  "vfov": 35.0,
}, {
  "eye": [-1.12526, -0.306863, 2.0142],
  "lookat": [0.0, -0.05, 0.25],
  "up": [0.0, 1.0, 0.0],
  "vfov": 35.0,
}],
"m_light": {
  "is_area_light": 1,
  "anchor": [0.323573717848716, 0.41, 0.494796481472676],
  "direction": [0.0, -1.0, 0.0],
},
"point_size": null,
"default_radius": 0.001,